53 2822 2921 6933 5876 3492 27 4796 7984 314 5334 2365 7120 5031 3932 2963 2736 4607 6211 3716 9593 8159 6999 9821 7247 8482 4637 4317 9390 802 418 8773 8310 5458 4649 7634 2676 963 9539 7498 857 5521 2115 5359 1682 547 5549 9698 6447 3589 8574 8180 7688 7690 
77 7136 8854 5266 6613 7511 6497 1956 528 5516 170 2145 1597 7116 1600 7416 5181 8765 9590 6016 5229 703 2409 5105 7660 4004 3770 7483 1549 2039 6590 1630 3434 5292 8616 9249 6085 2066 92 832 428 6192 680 6156 1383 2727 302 325 9534 9156 4812 3245 8496 8525 829 1561 5626 6641 1513 7904 1072 4569 267 2443 2784 1183 1031 6273 4510 6431 1975 3663 8225 7850 4712 5392 900 7021 
72 3117 835 2139 811 702 7638 6463 8566 4480 3524 4560 1608 4784 375 2137 4677 3091 7960 5700 9270 6795 7709 5322 3078 8391 6171 3402 2020 2878 9370 4617 9217 1507 7431 3525 5924 5692 6249 5393 4162 7103 2702 7504 2733 1478 6071 1475 3307 5709 3447 6602 10 7666 7287 3998 1022 2189 9452 5280 9505 8105 3024 7966 4940 1313 7593 1522 2620 6564 2530 8268 1268 
77 6599 2446 2150 1577 1492 9887 405 6796 4994 1976 1250 7575 627 5182 7769 979 6292 1203 2609 8320 5167 630 851 8365 6112 6522 4145 7405 4640 4325 9854 2624 3785 4647 1431 9056 4460 1526 8623 1000 7387 8189 3975 564 907 3685 6451 6653 5484 7141 3852 7684 6863 2602 5563 7821 9610 293 6517 5243 298 8388 8716 6858 4505 8940 7376 4850 7601 7595 9557 677 1235 4871 1778 4964 63 
49 7833 3042 2440 6812 8170 4481 6970 6493 598 5895 6925 2304 422 2014 5427 9010 782 4098 2560 1598 7212 9630 4125 6396 8461 2133 9779 7093 8671 483 7373 5778 2827 6525 9541 3497 4242 5824 2079 823 3084 1583 4039 8084 9074 4998 5698 4353 5273 
60 2198 7545 3720 5837 1038 7704 7030 6578 3575 7329 7309 6635 4650 8438 5855 9806 7295 2930 4104 6361 5302 8318 753 648 3494 9158 9280 6670 5426 9560 5394 7221 2564 335 6336 2941 2490 5335 7956 6132 3029 6346 4668 3140 3189 6108 7306 9022 8802 8685 3510 894 8979 6305 2706 9778 990 8750 9765 624 
65 8033 4172 187 9284 2381 8896 8523 7787 9685 7864 9076 2701 1969 791 7974 4795 5435 2838 6437 6752 4950 8463 9533 9939 5439 3544 266 7046 1688 3407 6927 1319 1034 4992 3686 1261 6060 7588 4351 1413 917 7018 2251 9673 1783 7378 7673 9715 3053 6290 1162 3309 5452 4848 6986 1112 814 6077 4369 4042 4517 5877 6952 4605 7559 
63 5260 2734 2922 957 3209 6980 9791 656 7475 498 563 5349 9052 9384 3367 6237 3623 593 9097 4730 5188 6616 6676 7777 8679 1151 3871 4672 8263 6854 1306 2179 4178 2852 3488 3926 5600 1661 7623 7258 6321 8990 9325 2309 5614 4645 6494 1502 7023 8291 3718 9028 5271 6019 9639 8075 3559 1454 3351 8660 7796 3232 5107 
64 333 2772 8103 8172 8961 8590 9117 3911 2813 5740 7384 130 2769 4 6374 5456 2815 1016 8439 158 1276 3537 9540 8957 4858 7361 5857 7201 3335 6212 9495 1127 8700 1120 7670 3105 9562 8602 8617 4383 1003 2780 9628 2900 237 8538 8020 7962 989 1892 4054 9480 5414 668 5011 9374 6774 6548 9602 2478 6818 843 9001 9563 
0 
60 6428 6440 3039 6198 3425 7320 4967 8740 8026 8977 479 5881 3696 7519 6313 5713 6912 1229 7612 2551 4551 1636 7853 5646 6924 1977 5590 618 3740 3204 650 4103 4648 7585 2488 7133 8107 707 4920 7302 6243 5933 7827 206 506 5319 296 2545 7799 4783 3841 4108 41 5937 6901 31 2737 8402 4897 2901 
62 5634 2758 3516 2090 5973 1964 7976 5910 3620 1267 2633 3380 7147 2468 5368 1521 2298 9121 6990 8968 5138 6369 3587 4880 200 9851 2281 1810 1081 8476 525 5514 5547 947 8489 7622 4470 1858 8843 355 500 6270 1394 8473 4225 3597 3624 7293 6855 7657 2434 5686 8112 1685 517 7788 1393 4291 5491 7553 7839 1739 
77 7849 6885 3660 8551 2563 7781 2713 4397 612 4797 5503 7402 5721 3044 9019 3746 5310 9378 9397 2051 5520 4250 5797 3783 9803 2770 1004 4298 4828 2232 7661 9376 1694 1683 6918 3273 2184 6310 6585 5890 9228 6581 865 4402 8426 189 6471 3974 9334 7344 2970 9609 9729 9290 669 2324 5958 7510 1471 244 1480 268 6232 9518 7041 3864 9146 4403 3627 1628 88 2405 8043 6921 7726 3083 578 
53 1566 5604 2223 3240 474 5130 1896 2793 4390 5756 3937 2954 8513 5115 3659 9175 5207 6351 837 6966 4799 7597 8904 5133 472 9889 5904 7816 5412 199 9012 133 7118 6114 4602 8864 6450 9564 9794 5026 7836 8028 6326 6288 4359 260 725 5544 1979 8428 7204 6722 6091 
0 
39 373 6185 3362 3286 1952 3695 2944 673 3393 8255 2534 1498 2540 7656 3180 7033 9430 9681 7909 4164 7961 8703 763 9005 2458 3282 9684 7451 9682 8065 6455 9623 9101 6972 1727 4516 1559 6656 5193 
68 3187 6392 3145 5354 1359 4632 4944 6778 5237 2350 7367 1123 629 3283 5726 2106 7087 9494 4948 8211 4500 230 1971 4272 1680 2547 6914 6033 6705 3484 8889 4533 686 7983 9964 2887 1389 3982 798 741 3846 8115 3010 1744 6741 6502 8475 3343 6607 1272 5684 4563 3593 8104 783 4927 8810 4411 5936 7396 415 4346 8830 65 6189 1928 341 977 
85 9738 8725 9822 6056 2146 6982 8121 2297 6425 4777 2141 2966 5448 5705 3757 7180 4718 6844 7621 794 4193 8274 8638 8042 1602 3675 8723 6523 8728 734 8309 3110 8213 8153 2011 3986 8245 5983 8813 8899 4696 8455 8591 5913 1144 6993 387 8278 5817 406 8334 9185 2165 6544 7948 5716 5191 2237 6617 7829 255 6083 2988 6195 5468 3973 5363 6805 6825 2669 8010 6848 1372 6281 9945 3577 7073 2824 3943 1937 1943 9828 9064 511 7460 
70 2805 1769 152 9155 724 750 1831 846 8934 1330 5156 8464 8841 3762 919 7667 3326 7296 1735 3683 4095 8325 5238 4062 7875 6531 8358 4130 1395 5480 1444 1914 8601 7515 494 8534 3327 9144 8054 6734 1006 1803 1180 658 4211 7814 401 4536 9649 2317 9449 4427 6467 7389 712 2588 3994 2336 7019 3727 4584 344 9134 9080 7089 2268 5054 4548 4643 120 
79 4891 2849 8544 1808 9594 9202 7529 9131 7689 2971 2037 3763 6973 4050 1554 6073 5990 3049 5126 5671 6618 1373 8417 1160 8718 4273 7369 3420 9648 435 4589 6562 4017 8025 1089 1218 332 1749 1986 2735 9300 115 6684 1467 1294 3003 1553 5820 1453 5477 8926 7184 2125 6539 7795 8087 4118 6712 5150 9928 6023 1090 8600 5995 5735 6080 9722 7658 6209 1997 1428 6159 8682 3451 9927 9398 2119 5372 2059 
68 7678 306 3153 1377 3640 3333 1407 108 6864 3618 1036 5669 3373 3268 2343 4152 2144 3755 208 4887 4030 7408 7406 1131 1412 1487 185 2331 190 7927 3465 8235 4385 1253 4341 6872 8593 5852 5451 7549 6143 9414 3806 1873 5732 5443 6362 9214 3047 4438 7210 7975 2839 2164 3773 5754 1945 8064 3966 5141 1859 3823 8853 4061 7747 8465 5723 4131 
59 3883 6096 395 9038 9288 2583 2263 2205 3005 7969 3954 5658 9790 3267 6746 8727 4313 7931 3234 1477 1519 9442 3648 7812 2457 7462 2509 7059 8437 9739 2463 1056 9501 6176 1885 4414 8355 6837 1535 6075 8759 7848 7064 5733 6020 7646 8312 8521 622 2377 6489 7619 4741 2250 1714 4380 8619 7474 3868 
0 
72 7674 3922 5500 7613 6671 8125 9695 2000 854 9492 3339 3781 1520 7724 2140 4910 5999 3557 1644 7022 3854 9571 3745 8528 5861 2937 3912 8627 5661 1919 8956 4295 2121 9365 6078 9596 1640 6387 8041 3378 7963 4879 774 2192 7640 2172 4206 1722 1384 6465 6076 6797 9094 5621 2594 6498 3872 7066 2561 503 7153 2956 7641 6413 7820 2681 7917 7502 519 2436 9346 7527 
82 6130 9053 3190 4949 3551 8205 5595 7395 5324 8850 1670 7394 5134 2252 9385 1049 9817 6563 4200 397 515 1777 9044 3711 8876 5510 2722 1792 2320 3774 5222 9420 8652 391 2629 4497 7443 1320 3635 4179 4425 6486 1829 8142 639 3461 1392 6119 6977 4492 4106 2111 6807 6884 414 248 3737 8563 1884 9493 1200 786 2438 3526 661 5728 2991 2177 809 4959 9143 2054 6435 8514 4256 2213 4339 7422 9544 4235 9410 2528 
38 5304 7275 7345 4168 7706 3392 54 1460 7188 5998 933 7560 3356 3435 8666 2092 5063 6174 4603 4167 4332 66 8982 6851 449 903 2364 2425 2898 6381 8767 4913 4680 5678 7926 8298 7004 6524 
0 
0 
28 1126 1490 6026 9196 6323 386 6850 6087 9239 1043 3052 4731 3093 3924 5902 8888 2363 1857 9903 2483 7972 5515 9924 3800 1361 2959 2902 937 
53 6340 3448 7901 2091 476 3765 5136 1704 220 9856 8257 8381 9504 236 385 541 5010 5177 6419 4454 4684 5793 1104 264 9712 5730 1606 4737 3567 6880 6081 6259 8863 7274 5445 6911 6478 3438 1281 2398 3157 8100 1939 240 7166 2834 6358 5650 6311 8195 3120 5507 3072 
0 
74 1178 82 304 7723 443 4192 8421 4903 132 8831 6036 2748 2513 8628 886 2548 8861 5428 8639 4749 3390 2204 8341 1504 7199 8578 982 2326 981 4051 7994 6466 8158 2181 2070 8900 2333 6527 2402 7333 4133 8379 9783 9911 6788 5625 7797 5607 9062 1843 8411 8344 2340 7440 5101 37 3045 5538 818 5402 6833 652 1958 8935 5805 4973 2572 5734 5849 3962 4698 3030 7774 1648 
43 681 8786 9872 7132 90 5467 3856 6754 6032 7516 9984 9636 1380 2085 357 571 4084 2768 5782 2404 7509 9367 9400 1832 9683 381 756 9487 7143 7762 1850 1901 4159 1159 9234 6131 7971 3658 7530 5250 6370 9603 9686 
0 
0 
0 
0 
59 8598 9351 5046 8698 9440 23 3628 6062 553 4951 810 9940 6402 968 6620 6407 1776 5258 5308 5860 2394 8293 7910 5343 5592 8862 5440 9089 3298 6773 2913 8335 2124 5290 2998 6719 799 7532 2743 6337 6594 4328 4027 4970 4496 9469 1376 9624 8321 840 8921 5920 748 9193 2729 1978 8363 2516 6266 
48 5835 9159 2182 3860 2335 8415 1325 60 4053 8954 8281 6816 4137 9184 5784 7840 9149 8206 1207 2083 2230 9375 8760 2725 7990 5332 2686 8371 337 7271 96 5505 9717 2806 3178 8622 9113 3074 1672 4512 2850 4707 2215 8360 764 6390 8819 7187 
66 3423 6950 2265 3198 3505 502 2482 3519 9797 477 1024 6102 5333 6283 4476 7383 5478 4076 2346 704 9467 1258 9182 7240 3984 5312 9267 9949 9436 7390 2415 6665 4180 2973 8886 3034 6757 5075 4277 3753 7044 3896 5978 1221 3599 5479 1346 1625 4894 8030 5715 9472 8905 2162 50 8779 3214 7730 3652 7261 7654 655 7341 7272 2659 5517 
52 5465 654 2417 1752 6488 4794 5952 8870 7871 5077 487 6003 4311 2774 1883 9274 6472 7614 5906 8284 1799 4565 5137 2495 1934 6829 8883 4371 9707 5040 8420 2684 6120 4595 4670 6949 8662 7211 7594 2579 3070 6289 9978 4366 3219 6688 3237 3946 581 2094 5928 6513 
0 
0 
56 1813 4071 8730 8128 5041 9304 429 8717 1926 4436 8699 291 1421 8530 663 565 9870 9733 2595 4888 5382 4241 9973 4262 9919 6813 4266 2044 709 6082 6429 8185 3065 210 8780 14 263 2568 3043 7189 7079 6759 9611 6391 3990 1687 1331 5017 8555 6673 9071 8743 7806 9555 9431 6133 
60 2452 4616 7382 9718 5613 6610 2785 6595 2524 6379 73 3332 473 1322 5759 3858 975 2337 2536 1028 2542 7291 2835 2097 6820 4844 9247 76 258 7554 4667 5800 4676 6565 595 5989 440 8444 4209 3977 8789 3947 3062 3826 4791 3381 3580 1001 6680 6061 7718 6179 6647 5836 6173 2155 5690 7652 6614 6090 
59 9392 3875 9488 8184 9764 1846 1271 1437 3258 5564 49 2512 961 6030 9884 2767 2323 4123 2013 215 7980 9874 6452 2359 5201 1344 9583 2797 2541 6470 8517 5176 2525 3777 9260 4582 3563 3241 916 6612 9278 9455 7088 9547 1876 4023 5139 3395 4606 3017 3469 4409 6579 4012 186 9802 9799 6576 4659 
74 9106 9888 2636 3968 4922 8366 534 9166 8399 1746 1924 9227 736 1429 2236 3292 8575 9678 7488 9393 177 530 4348 3185 1871 3167 6277 431 7580 5071 2061 6276 8857 2153 8144 3310 7941 2577 2833 5874 8007 9902 1145 214 274 5982 4434 1567 9525 4780 4493 1903 8537 1286 9867 5288 3761 8664 9574 4744 1497 9364 7252 7139 2796 7128 732 1718 4255 7717 1337 3661 7123 5065 
76 7782 7277 445 3265 8504 2803 1468 5771 9366 328 6888 446 6231 3149 4217 1422 4926 1080 7177 4628 7957 1257 3851 6125 81 5901 5925 3669 9272 1888 9415 4758 5168 6328 3678 7415 4124 878 3277 4921 6672 5834 8337 5024 3771 1530 2032 5804 169 9666 2419 7733 4244 1495 1013 6628 7129 5419 7292 9671 801 4016 2639 9337 9846 6034 4308 9108 9789 1254 4490 6181 4540 7322 6830 7399 
0 
57 6190 8315 9328 9446 3235 3907 9515 5896 1340 5850 5376 6163 7765 1980 7268 6697 168 2068 7503 6318 4417 4829 2300 6453 9122 388 3409 8975 5487 7447 9875 8822 9396 6568 7170 1026 1984 6165 1699 351 8510 6782 7228 9572 5665 2491 5946 2812 4008 7551 9579 2749 891 9041 9320 6052 5398 
70 3440 3873 8595 548 4503 9951 2005 4006 9559 5109 1758 1390 5436 6766 7327 4307 7513 1770 1245 9406 5742 9975 3904 6615 8249 2176 8013 7767 6586 7802 7039 4401 9983 7068 8611 5828 5080 858 3786 7893 5214 9409 3814 7626 2445 3890 3928 8758 3113 5493 5884 2792 8304 8198 4861 7283 3255 549 246 348 1755 4013 5381 2597 1061 6631 7074 6499 3729 3048 
50 526 78 2652 9688 3181 4757 8903 5938 1014 6092 7020 8053 3707 8445 9484 7625 7436 6658 6427 2674 4315 1194 3304 9885 1304 2689 9178 9737 1214 5347 223 5541 884 3293 4842 7 9205 5190 4449 9819 2612 2927 2962 4459 8736 5513 8092 7885 2623 2217 
4 516 2703 9099 2776 
0 
0 
33 9760 7727 9917 9575 7334 7935 67 4147 5611 2033 4955 1973 2270 285 8331 7710 438 9578 4816 3689 8323 5120 8690 6619 1786 7192 5870 439 3583 2357 8501 371 4502 
0 
58 3766 5777 7794 4501 1595 8386 9336 9591 1556 8017 2715 3324 8003 3919 8906 3009 1025 4933 7338 888 74 1730 9660 685 3654 9327 5425 2919 7671 465 8603 2183 6989 4782 452 6228 6706 8095 4280 5652 6629 775 5447 8707 7236 3068 5154 8119 842 8827 8947 6555 4558 7461 2559 8554 8533 717 
63 3831 4768 6669 9361 8286 1779 4587 2677 221 4530 4788 4627 792 6710 5619 5228 9599 5314 7032 5533 4564 2474 2050 7939 9218 1933 9618 109 6010 7388 7682 3568 4862 3028 1838 5581 9024 4851 3073 7898 1073 1578 9174 4056 3162 2460 8419 7098 272 7372 2081 8570 6458 8209 242 3591 4036 2160 2374 1318 3257 5776 2104 
40 4243 1899 3315 8047 4127 6552 2643 2370 6510 9287 8925 2056 713 9876 3605 5731 5594 2658 1169 8210 9674 5205 4704 1743 8984 3539 6827 7550 7250 8102 6101 6420 8427 8706 7360 3478 6103 2896 6371 4775 
0 
31 3487 8191 2325 301 3416 2699 6763 9222 2606 6878 5664 7058 2979 1117 985 4070 9266 4572 307 1201 4513 853 3768 4073 5449 8126 9569 8556 1227 8559 8164 
83 3491 1572 1753 9360 2698 1539 352 4543 3681 4122 4238 1816 5511 4239 4909 9224 3844 5826 4697 5066 1804 6312 1759 7202 194 7468 6711 6364 3835 4201 8573 5951 1002 3453 4689 1172 3834 7237 3705 8509 7696 9091 7859 3495 3344 2527 6380 6226 2889 955 7808 6689 3754 6383 1065 3787 727 6913 9377 6771 4176 5316 2865 9950 607 6659 3141 9065 2533 20 4762 7731 5161 9697 1738 6546 537 711 6301 8909 6787 7456 6627 
0 
0 
50 8273 2535 3992 9139 9980 2358 9963 2279 2375 1996 5596 4387 4089 1302 2247 5434 8182 5838 5235 3176 290 110 545 4835 6809 5346 1063 6545 4146 8373 6180 2485 2029 6058 8495 5421 7113 5872 5232 3527 5344 5231 806 5747 4561 4197 1327 2481 6332 9645 
29 7163 4630 5935 5074 6675 2132 5847 8989 5761 9261 5767 4177 5485 5464 6777 3915 2816 7819 7469 1155 9433 1071 5948 1665 6865 4418 7555 2587 4690 
78 1999 577 2993 8453 9960 7205 1035 7494 1113 5345 9699 8118 69 5751 5128 3735 8083 5460 3455 2036 8549 6242 4069 7751 5506 1603 6385 594 872 300 6997 997 4375 5699 4316 9497 9809 2859 4132 3415 430 4713 8015 3828 7919 1482 99 3616 938 9011 5236 2492 6476 7040 8973 5931 7783 535 6394 4439 9142 6468 3809 9306 1989 9691 1869 7583 1270 3404 6883 788 6842 3769 4345 1851 4037 3399 
0 
0 
53 2851 4189 3075 2648 1130 188 4259 6928 5815 3921 2228 8890 2746 4355 3346 2295 6519 8410 7526 117 4809 3243 8154 5911 9694 2428 3700 8871 7700 5013 4310 3325 9432 6247 3445 46 7366 7685 9859 1570 6254 1129 6040 4746 4228 509 1798 638 8981 4811 869 2791 7534 
88 3363 7427 4804 7313 6227 2202 9037 8927 457 8492 5213 8297 26 3987 6748 1059 3733 4983 2782 7065 3541 4975 8791 4487 6817 2450 4478 2142 252 1121 2280 6233 5070 1754 5309 3631 7830 2148 7370 3795 7712 4074 4748 4011 7112 1146 354 5773 1338 9922 742 5111 3475 8397 9386 6372 7599 129 9503 6239 6899 6139 7977 2294 6335 8032 1181 2938 6327 9710 5809 7951 501 7002 1136 119 6217 6974 126 6279 1864 3642 9204 7348 5486 4275 2894 6479 
0 
62 8424 7418 7576 1764 8653 4392 6600 8400 1037 747 6871 2399 3322 8049 9735 8204 873 6520 9955 9356 8012 2673 771 5446 789 6693 5488 6213 3584 9458 6182 7346 7233 7831 7844 3108 3978 2821 4838 2910 4826 9901 2366 4932 6122 8229 6840 9167 6241 1297 632 5560 1790 9667 5812 5391 5711 4895 7852 8270 3366 936 
0 
0 
53 1717 9014 5955 8948 5532 4716 5868 8766 4309 4942 6049 1300 2920 5348 4514 2301 7800 173 1865 5670 4394 4566 8478 6738 5584 9127 2052 7824 3553 6220 6714 6758 9103 4451 1619 976 7095 5087 1356 28 6834 4324 8485 8302 8836 7048 1017 9620 4877 1629 7854 2134 5227 
75 9168 2378 6956 1599 9443 7639 4236 551 1768 8431 4091 7026 9130 1197 6410 5968 4655 6421 3238 7381 8239 3997 4724 8793 3882 8541 739 203 9720 4818 7846 6892 6104 5056 3884 8626 4860 5061 3337 279 657 7825 3365 1463 3933 4029 5364 4849 7145 3087 3221 4620 2619 9849 7895 1669 3424 1878 3112 8174 4884 9277 6251 7617 9148 7738 7804 6074 9866 7841 2809 8167 9860 647 2423 
22 6856 532 5768 7620 2724 3778 4294 918 5095 1840 5755 4742 5078 2035 2575 6342 7465 5765 4695 9774 2789 824 
0 
31 2574 9310 6978 2289 1767 6553 6331 2303 5900 4158 4344 7157 9769 2589 3026 3401 2741 3641 9419 3552 1375 1995 8987 4841 3092 4872 6028 6823 4592 9383 5717 
0 
0 
0 
41 8946 7937 8644 9445 1573 8568 1062 7918 5195 5476 2916 3086 5843 8588 3069 6606 2760 322 9651 4081 6951 909 5367 4546 7663 1847 339 3220 2546 3674 9283 6204 9387 3276 3329 7285 772 2473 3976 4007 3793 
37 6284 4005 3347 6657 7430 5051 9241 8462 3348 5170 760 674 5875 8001 3647 6538 3195 743 4520 8944 5068 1074 4163 4153 5420 1262 2981 6433 8101 8136 4222 9886 4961 7121 8002 7577 9212 
42 7426 9189 3902 8085 862 1893 9721 3443 1593 3272 5296 1821 4953 8377 4044 87 3955 3454 1742 609 844 2077 6518 2227 5186 8259 8580 4253 162 2866 1762 426 7677 6667 7934 2829 3956 1533 6240 4965 3810 9741 
46 6229 7324 6152 8406 7448 3656 2221 62 4495 5166 5022 4703 2531 2950 2924 3035 8507 2416 1483 376 8378 8051 1720 7350 7168 6054 1087 1748 9294 3394 104 4859 8430 8359 6917 4296 5341 6541 695 5380 3066 6920 3014 2308 3041 3173 
0 
63 1942 9589 7216 8152 766 9568 6857 7695 1751 5529 5247 5461 2048 6027 5058 4694 2391 8756 8093 7464 33 9055 5863 4597 3205 2745 2908 8349 2274 2707 2071 9976 2040 2610 1456 1736 2631 6991 6127 1940 5871 3296 562 5722 2605 797 921 728 9048 8202 8393 4270 737 3493 5294 1449 4196 7413 6704 447 5707 9914 6246 
0 
46 5298 2430 462 9520 163 8754 675 7054 6744 8581 7392 6764 7748 3430 6097 3622 5720 4199 838 8761 2615 1856 557 3477 2220 533 834 4321 9316 8459 3142 7226 6934 8212 8021 6514 8382 520 876 8929 3688 8567 4297 9962 3467 4087 
0 
0 
0 
0 
0 
69 934 1141 660 3562 3704 5388 8468 7708 8073 7380 6935 5112 7579 6516 1465 5598 8237 4181 5318 3847 184 9485 5157 250 8577 6409 106 3780 4575 2477 576 4785 5100 2955 7610 1189 3794 7336 7924 4488 8031 3458 5746 131 56 3602 588 8116 3885 2307 9085 6691 2650 3788 3749 4220 4675 6126 6642 1514 7140 5025 5358 614 9724 8753 7063 3876 1868 
0 
0 
0 
0 
22 9389 7005 4420 2549 9877 6306 1161 5806 6964 9511 4499 1252 3564 4102 8806 1274 2638 127 3274 7741 6625 8805 
41 8709 1641 8246 1143 3169 3361 7251 4507 7335 1051 6509 5668 2892 6515 3388 7374 135 8215 569 1435 2949 7124 8401 5880 4570 3820 8196 7570 7578 5444 9644 9605 4912 11 5589 1443 4999 2302 3870 2783 7899 
19 9177 6147 2225 514 5037 3891 7273 226 2690 6307 6736 3916 8408 1827 1018 856 1800 5527 8110 
0 
26 1724 5963 5972 5752 693 8999 2625 424 5194 3000 9025 2885 486 1396 7106 7435 4683 4699 9767 8236 1255 5375 696 1484 265 2367 
62 7828 3236 9282 6257 2864 9498 3503 5846 3630 3501 7929 5829 952 6444 8250 3114 7299 6167 7872 9439 1904 7227 8812 1370 871 5879 3146 9862 7928 7873 4284 8892 6780 3094 1114 3677 6350 2226 4538 7506 5676 3097 8048 8930 1696 201 346 885 3023 9608 7705 7970 1316 9987 1891 3349 4674 2031 953 5915 2668 98 
75 4398 3511 9054 5147 6668 5967 1285 9756 16 3264 4442 2239 9268 3177 6000 8701 9096 8108 7016 1677 9229 2313 5390 5739 3215 5183 4055 1118 1692 6037 3565 8917 7407 5279 5438 9160 5993 3377 5330 8436 4340 3512 2327 9647 744 2128 2127 7051 3900 8452 3969 8071 6116 366 8998 1546 5091 1930 6248 2095 651 7997 1638 1473 7921 2781 9349 3106 7655 5410 2406 9969 1298 6441 4300 
0 
22 6224 2397 4952 4823 8558 733 6521 3639 8226 3485 3357 7547 2074 640 7644 8520 7544 6506 749 2544 9916 5774 
0 
0 
58 4446 7024 1693 4542 8150 5407 7419 6412 8939 8604 116 8665 1280 9068 1147 895 2739 3271 7493 1409 7013 6698 9312 9617 7758 4614 3013 583 6064 8340 3115 9298 7303 708 5992 1328 7490 1731 4155 7897 8045 7602 1538 3909 6745 2731 5569 427 9894 8895 3668 8228 7817 1540 2670 8898 4875 9510 
5 283 4419 6121 8114 4978 
0 
0 
0 
0 
0 
52 2135 906 3291 2339 8526 7203 1547 3949 956 3297 8532 9745 4377 3192 926 2161 9548 8877 4504 4293 8878 4456 5395 3147 5411 3456 2017 8686 8332 8915 5994 3061 9002 305 8762 505 9471 3056 5060 9017 4399 3089 8674 9429 2628 433 2456 4923 202 1990 9343 5644 
35 9545 7423 6460 3817 359 4723 1886 1918 3535 9513 4555 7500 2023 7160 1324 1438 6981 3910 1374 6293 3369 4936 7463 192 621 6012 5471 9423 8416 4254 3829 4184 6835 5987 7492 
0 
0 
0 
0 
0 
52 4980 5535 7186 2351 275 1425 3665 4878 1196 7173 5865 9755 4802 9273 1855 9428 309 5654 7773 243 8000 383 22 2064 4444 8469 9317 5474 9871 8721 55 6206 8661 249 8137 4525 1225 1195 1950 9746 6004 6219 8301 5618 7319 9403 5042 2804 5562 4771 7649 9895 
0 
0 
0 
35 167 6099 720 3194 4019 1459 6484 4578 3175 475 8560 4365 3895 5741 3193 4404 3945 2596 6957 2598 463 8098 864 2190 3133 2856 6501 9301 9881 8928 4257 212 9941 8395 2507 
0 
0 
0 
0 
61 6263 1643 9842 7522 2867 6183 7267 2120 5701 6976 9007 8448 2262 8345 6941 3812 6063 1223 1879 522 965 4776 6079 6403 8319 5567 3376 8684 6526 7476 1216 759 9676 3751 5099 9711 913 9132 1617 6592 7452 3498 6909 8192 7523 8955 4360 6832 3547 9912 9542 8376 7930 9535 5685 4890 5432 8774 8194 4644 3116 
56 2003 9811 1175 4415 3396 9752 678 5416 5313 3610 9708 5912 3103 2738 841 3724 2601 3156 9314 3532 8238 2947 5403 3813 9035 7312 4423 9448 6338 2369 2464 6696 4669 8422 2151 8597 3213 6111 222 6400 9070 4719 9230 8735 7749 5088 543 5649 1447 4265 3542 8606 5466 5285 3958 2273 
0 
61 1809 540 1442 3950 7323 8751 1985 3266 5945 1217 9489 5210 8256 8076 2194 5084 9853 2403 2318 1610 9339 5523 1158 7352 9839 2986 2647 2705 5162 8963 4421 4230 1488 9169 5385 2974 4853 6035 6923 7818 6636 2883 1479 6260 8823 8777 9878 2709 6533 1115 852 3138 2291 6821 2400 5845 6947 2518 960 1199 2107 
0 
0 
0 
0 
0 
0 
0 
0 
0 
0 
0 
0 
0 
45 4774 3825 8008 1557 6191 5000 8931 6849 6456 7404 5905 2390 2982 2869 1664 3853 4883 8276 3869 9465 8491 1523 9597 9473 9516 5893 944 3874 4772 3673 9486 1811 1576 892 566 5386 3354 5633 47 9244 4954 8978 870 5635 5029 
0 
0 
20 4064 2382 7104 863 1894 8942 8113 4786 9401 6605 4198 959 3223 8456 7687 5571 7805 1911 3748 2980 
55 5964 2062 2426 6252 4612 9216 228 1128 3284 7025 3807 8038 9279 2082 6345 9207 8650 3063 7953 9796 512 245 6624 7238 1052 2372 234 8168 2256 6726 8599 8519 4035 2174 3358 9631 4908 5016 2197 2427 3848 9112 6784 6490 6059 7090 5593 4947 617 9748 5970 4556 819 2497 9138 
0 
0 
0 
0 
0 
76 9180 3387 7995 7611 34 1148 7191 8052 1100 6889 8130 2573 3518 4966 3150 2906 404 9640 879 2212 1659 9549 3667 8569 9565 7944 9456 4969 9892 5274 7111 6225 8352 2019 7809 6508 1621 1352 8901 7491 559 9598 5378 8764 4509 3319 4406 5287 1351 9509 5708 4357 875 4405 1335 9125 5321 2471 3294 2476 7562 7301 6694 6926 699 8542 3208 7289 6011 9865 3959 5215 5526 5256 6730 7134 
57 9380 5639 9461 8506 9986 4465 7693 4263 4900 7401 6847 7784 893 5490 9093 6715 313 7466 7122 4290 7766 2116 7701 4601 4779 6426 4120 4312 6072 1906 1789 6529 4781 9105 6373 7627 6608 945 867 423 5932 3655 4105 4631 9759 9576 2311 3988 2275 1705 8891 5489 7772 7608 8307 2952 2582 
46 820 4115 9890 2414 2847 9538 7222 3128 2152 4996 8797 6699 3855 7109 2253 2186 6995 3164 2201 7249 3118 6341 3480 9880 3182 5556 1167 7981 1085 1097 9464 2666 6772 9668 3939 6695 7225 524 9641 2662 7780 9938 7193 3270 5305 1311 
0 
62 1787 8992 1760 7185 489 2154 5053 8460 8914 8322 9289 848 6572 5502 4652 9173 7284 5083 5818 8350 3819 2354 412 777 125 2759 6591 984 8529 407 5627 3927 8029 5174 649 7231 912 6875 9237 776 4663 3736 4041 7454 1663 7017 4283 9468 3521 8188 2437 828 2618 2721 7125 9353 6303 2467 1150 282 5050 4832 
94 5832 6808 7633 4049 688 1312 3534 3772 4807 915 8969 5537 874 9930 2756 7161 2578 9150 3036 7992 3275 8651 1740 5224 9831 4183 6566 4221 5315 2728 4205 3100 4025 3158 9006 8993 6740 1555 5397 6800 7036 5578 3228 4435 7195 7043 2645 9008 8807 831 5379 9931 8362 7053 8713 1057 2113 241 1246 2723 4763 7262 9701 72 3566 8795 7325 9965 9269 122 6401 9373 1381 4462 9176 8127 4267 2360 9953 4593 6339 889 1287 2422 4666 2862 2088 8272 8771 6157 2969 1399 2585 4963 
77 2038 8044 804 2156 7229 4260 3104 596 626 7115 5209 9747 2604 3694 8885 5534 9966 2195 4165 5714 3722 3731 2710 7375 4486 6902 141 6436 5277 7097 7950 5350 4825 5579 6728 3132 9800 1094 6418 585 7725 1517 8490 4373 2411 5422 6938 5495 5799 2592 9083 7446 7548 7420 1251 3509 6158 284 6066 9536 5624 18 195 1527 5677 2976 4571 6717 7770 6356 9869 8392 7887 4916 5738 4171 582 
0 
56 5482 9581 1408 1925 8440 3775 9820 256 2479 4386 653 5148 3744 8848 833 4204 1960 3721 3672 254 4700 9119 9323 6649 5617 6939 490 179 148 2580 2073 5807 2880 1814 5576 8157 1481 5221 2503 2987 8965 6 4798 6577 641 6360 4532 3760 8658 575 6881 2123 496 1596 1651 1637 
75 6845 993 7735 2996 9447 6347 523 5049 3693 1531 8027 7721 9773 2101 1282 8634 8798 6793 2846 5146 4413 1132 3481 5012 1872 6188 2055 5297 6138 8859 7645 2935 1915 8552 2276 2685 6882 4376 3124 9655 4919 1929 1091 6721 4943 9763 5606 2278 9810 6530 7778 999 2660 6110 8571 4475 3638 5853 1649 4863 9000 1334 2159 5922 1586 8846 1509 3607 8731 8582 467 3101 9438 4268 5021 
0 
60 156 9151 7080 4904 1247 8432 5528 6664 4068 4318 61 3914 9956 779 3139 2395 5423 3122 9165 7572 9153 7955 8815 5124 1920 1695 4658 2977 9233 8775 2235 1494 7276 9716 815 2466 3799 1673 5539 1844 3738 2641 4508 2787 1476 6700 3413 8531 2529 6626 3202 1350 2968 5779 1503 5930 7270 3529 9481 7364 
54 8450 2098 3060 6245 8971 5632 659 9606 6234 9592 4824 4455 9382 9115 4156 7715 2873 7679 5360 3651 3830 4452 3427 6971 5406 4003 8680 9220 204 4289 1188 1771 7099 6540 6106 4232 2740 7248 803 8082 1656 8233 7943 5629 5702 6907 4287 1404 7100 8068 2170 5559 7223 4600 
61 9475 1711 5959 7643 5097 5241 7458 3903 9042 4957 6961 9669 2965 8261 5117 5574 4391 9777 7865 3019 9989 7605 9704 1292 5737 6432 3886 4549 4378 6223 4750 6492 2432 4800 4149 2484 398 1240 2259 3466 1164 347 6894 4269 2543 9663 3230 6536 765 8923 459 372 4336 3374 8197 5430 9045 1601 8060 5729 9991 
54 6430 9141 7256 9814 8502 4581 726 4754 5984 552 9506 9123 4715 2664 2242 8649 2562 3018 6296 925 9500 5869 9250 3923 1761 6996 4598 9453 3888 6302 2972 536 9567 5415 1265 7497 7508 5459 2718 5882 7746 1333 7362 5551 8216 946 3857 2386 4685 4767 7165 1690 6843 2157 
59 7318 5455 42 625 4066 7343 9417 2777 6416 5116 5171 4227 3680 8884 9322 6767 1923 5144 2775 232 7637 6731 8176 1689 9781 3341 6550 1895 437 8840 3802 5301 943 6230 4432 2646 4856 7761 1516 4833 6609 972 3892 384 9952 2826 5766 1103 5132 6006 5727 9355 3971 3342 3964 5172 5736 9650 4866 
67 4611 3249 7606 4805 4303 839 8227 9441 1805 8710 8166 1983 4870 1139 8778 9352 3064 8282 3410 6177 5005 1042 2053 3881 8500 4093 8746 1542 5159 2788 9308 911 140 1371 9833 4092 1176 9824 213 2893 9959 3446 8140 1662 1461 5947 7779 9046 7353 9426 5098 7495 6043 5267 5094 9137 7786 8557 8748 4755 7665 7501 2284 7480 8647 752 9335 
68 3353 7138 8858 9714 9340 4671 9740 3076 3782 8143 336 2836 5898 7979 8356 6475 4099 1822 4249 9967 6815 1462 5542 1604 2129 9864 3090 6244 93 6393 36 9990 5878 9798 409 5293 3166 9908 4101 7076 5291 9072 2010 2015 9021 8217 8333 5825 2521 8230 4173 9259 4729 5225 6534 3930 4984 3649 253 6573 4224 3952 7368 1921 3818 8385 9478 6014 
51 5327 7771 2412 683 3543 2790 6024 1416 6134 3102 5841 6853 4498 508 4991 8856 2361 2831 5788 7565 4528 146 4426 3483 6751 2694 4038 2065 7505 7683 9285 1266 1543 5950 3796 8077 4437 6008 9904 8918 7843 7008 9573 950 1345 2267 6596 1627 2611 3386 6422 
63 175 4935 4830 5673 1568 2086 698 4765 6382 434 4186 3898 5610 343 2018 7719 6874 7316 9059 5862 4545 4831 4370 7847 9690 5530 3546 8253 4544 9087 4374 4515 5289 9855 3290 3127 7877 1721 4288 278 6448 5956 1819 9852 1927 1033 4554 8342 2875 3712 821 3154 5599 4150 4993 9221 2063 7524 4664 8515 7094 2211 7521 
74 5371 570 8724 5325 9787 8586 4769 6258 4937 8613 3331 1890 9754 6985 2429 1854 941 9407 2096 7896 9898 8330 1233 9771 546 636 8938 6811 5122 4743 2730 4226 7557 7035 8254 153 5577 1391 8498 2216 904 2047 2447 613 8866 8269 7964 2112 7573 4686 3690 3032 2240 6723 8633 5155 3586 8742 9069 5615 1815 7386 6308 8516 2828 8011 7729 3474 5897 6639 8631 9607 1791 4063 
60 6781 8099 9215 6330 377 280 7337 4474 281 1066 3312 1499 3866 1560 682 8834 6686 1998 7379 9183 6309 1944 8911 8645 3429 5045 6268 4679 9815 2928 2891 8222 2316 5108 3470 9050 379 183 3574 5199 4522 3805 9077 2200 461 5816 5554 3088 1565 4899 176 5663 9479 2356 317 2210 2109 714 235 1634 
106 701 3592 4801 3827 8545 4447 9957 1364 7235 5889 9743 1186 2557 276 1205 7698 8949 3278 9702 6910 4009 1430 7878 1342 3151 5218 6359 8488 2238 9107 8264 1174 2435 2470 4889 5769 1310 4929 7135 2802 9835 715 9910 7009 9051 9116 7838 7007 9081 6908 861 5135 2114 5695 7069 2581 4756 2714 2462 1828 2697 6962 4654 7563 1624 4886 2449 4330 6987 4928 1157 7254 2461 2764 757 4968 9331 4810 6089 9225 7892 7339 3578 5180 6593 9637 3450 4412 7107 8893 9164 7789 637 7837 3468 8290 7424 5178 8132 6806 8479 8887 3570 3375 6216 2084 
0 
78 2717 9145 4114 9988 8299 816 7539 9632 9039 8833 3417 3050 9974 2049 9907 9629 6123 4001 1138 5052 6551 4472 209 311 5457 2853 4745 8828 9619 9084 4190 9425 4457 4229 7455 7811 1723 1867 1908 1206 5694 9490 225 9135 5840 1830 6742 4258 4815 2708 8667 5331 9981 5399 4541 3125 3824 4987 2515 7940 9333 7736 7862 6109 7512 9450 3687 8672 1626 7616 8637 5418 5674 3634 3517 969 7207 6491 
75 7822 3611 1187 2191 7179 4327 8324 3582 721 1575 3836 9391 1794 5867 1238 5916 9477 8572 4358 5163 6215 8646 8423 8458 3229 9043 3368 3730 6298 3585 2903 1170 48 6438 8688 2034 2951 9507 1511 2593 9297 6877 1231 1450 9162 9726 9920 4086 5636 6589 2222 2455 1077 8069 7266 4445 160 4024 1455 4121 5039 5337 7332 7154 8994 8695 5813 9934 1765 731 1446 5317 2075 1211 4585 
88 13 4764 3581 4574 2795 144 1410 6363 7798 6150 1152 1558 2168 3391 7790 5082 2058 5693 3033 7988 9133 2680 7916 1839 4521 9231 4864 4527 1083 1020 3989 6690 3908 6666 257 9970 9281 4281 3055 8106 3314 3798 4215 7300 3251 2811 8066 3269 7739 3944 1452 3646 5152 9359 7587 30 8550 1070 6930 2315 9098 8425 3231 8702 7181 1336 1426 1970 9807 9171 2742 4333 4210 8852 6560 7164 3993 4820 8218 7801 1607 8187 1697 2349 2957 9847 8470 3082 
73 6975 4065 3256 7006 1734 9104 5917 665 7581 3951 8547 1398 9612 2747 6922 3412 1917 6057 1485 8005 9808 5570 9554 1326 7078 3254 7651 4559 1039 2654 5856 9363 4431 5550 1880 5811 7785 7429 5417 8435 5974 198 1968 8329 361 1713 9570 6644 887 3838 4608 2667 399 787 3936 9788 491 3289 6397 448 2487 1079 9615 9580 6320 8589 6149 2879 5851 5991 6135 124 8629 
0 
0 
67 6042 7653 4322 2823 3233 4662 3496 3991 3598 4717 4629 1631 8910 5508 360 1962 8124 5718 2508 2292 1341 3046 5272 5672 7410 5123 8643 9693 6140 8161 1116 4429 6896 8719 5814 542 4075 2553 9508 2732 3426 5408 4320 9170 3459 4531 6408 6916 9705 4702 6532 4995 2571 480 497 453 6798 9474 5918 2008 8487 5365 3403 9015 8879 3021 1445 
71 9601 2586 1472 3384 8339 7011 544 1863 7650 1053 5940 4126 5 6485 5744 6500 5682 6411 7117 2762 4116 4892 7596 5027 7130 7075 3211 5373 318 4139 645 9427 9659 211 6512 3359 507 4752 5750 6789 5891 8612 7954 3750 3523 7311 6733 8635 3996 808 8770 5173 7281 1305 3859 6783 573 8165 166 9687 3664 1801 3719 8585 4422 1991 6960 8548 3633 5953 1653 
66 4523 4119 1048 2711 8383 1060 5555 7496 8134 3027 9646 4917 896 3953 2912 768 1913 6580 6304 8201 1222 6919 9324 3037 425 5496 4247 5278 8004 1620 2175 4306 1532 3865 6367 2408 2080 1321 7001 4382 5848 643 178 3054 8338 7146 920 8882 7102 4335 8200 8996 2798 7834 5239 1910 8156 1041 6477 7263 9399 9379 8160 9841 1397 1177 
0 
0 
0 
35 8976 2946 9309 781 2314 4368 8960 5295 4836 5357 1941 4202 9706 6678 7027 3244 1058 7403 579 136 8173 9840 3572 1957 1378 4367 9582 730 3207 390 3421 7371 4625 8696 5208 
61 9111 6197 601 8579 3452 2933 7894 2459 7552 2469 9128 9219 2640 1588 9825 393 971 5683 6395 9936 4185 5401 4174 4483 3134 2817 5565 3067 7159 9758 3263 7479 4837 3549 2750 4854 6984 3613 6316 7933 1966 3995 7486 5286 4979 2751 6325 9633 8247 4688 4615 5275 5002 1106 6264 6587 4111 277 2719 6804 8694 
0 
0 
73 3155 9413 4052 5552 8561 2830 7566 4568 6890 5794 9732 3476 2305 7481 9286 9120 9362 1420 1676 6329 4691 5119 3850 3515 778 8248 259 5691 5219 6388 1358 3250 3287 9757 5643 1403 4094 4043 8186 3728 7314 631 7959 1273 8524 9086 3561 121 181 3196 1474 7478 5032 396 5092 1655 9463 3522 4793 2444 5257 6737 8583 7537 8412 9838 1315 9882 6480 7471 7908 9770 5211 
0 
44 987 2857 1988 1618 6178 1303 8605 6018 8446 6462 5971 8283 4934 3576 8972 3837 5697 1284 5858 2958 6107 8091 5575 7754 826 2282 7220 3588 44 8803 9947 2448 3840 2915 7861 6663 9873 2494 4977 7756 5921 3708 2103 722 
71 8220 7584 5062 4661 2163 5524 1824 5944 1691 4660 7014 7042 928 460 3295 6794 7668 7349 1032 7745 6824 5023 5189 2373 5509 5647 868 3603 9979 4687 9654 3507 8824 5018 9750 2923 2520 5943 1536 5076 1088 7889 2407 2379 3594 6045 5131 4806 3600 672 1992 8656 2277 9357 7085 2002 3338 5339 4537 5518 9657 4362 3948 754 8535 7453 978 2269 5926 2493 7294 
0 
72 6424 5057 4473 9858 5583 8177 2330 7031 6200 5934 4751 4067 5127 6474 4529 8193 4976 4323 5079 320 308 7598 365 1368 3513 2613 1149 2961 9994 5969 5369 4588 4577 2243 3313 5603 7308 3136 5220 1171 1866 4902 6940 2087 7003 3621 4653 4604 8280 137 7967 8902 5795 616 7152 6654 9863 2514 860 4840 9023 6442 6271 2371 4708 3530 7533 8715 9784 5453 7326 9600 
43 2992 3703 456 6069 5249 1436 8855 7056 3609 2683 3894 2424 8630 8348 1719 9588 6439 5827 52 716 4738 7823 180 5340 9626 599 7874 8354 1658 4651 8326 7055 3311 5374 9100 8945 5284 9354 7260 2994 9958 3767 8311 
0 
0 
57 9543 4077 9742 5160 9246 8835 4057 4766 5475 4088 8592 128 5472 2169 3212 2882 6483 6904 112 9734 8497 2312 2290 7206 4610 3960 303 5957 9709 4389 1955 9896 9195 3967 5630 6333 6803 5979 9926 8405 3206 7391 1208 3165 6702 172 9613 4981 3308 5859 9558 8670 1635 6202 4576 2288 7010 
0 
1 9307 
0 
48 5760 6473 111 5568 3320 1096 642 7989 5808 2632 8149 6716 9299 2671 3389 7615 7750 8614 9066 5187 7433 7624 8208 9972 2199 4463 149 5158 8527 6838 2567 7810 1881 2942 2907 4354 3540 1212 8265 1367 4364 7162 9418 85 694 4901 6575 4361 
72 6677 8615 2401 4817 589 6554 8368 7028 4395 6389 9078 2687 2021 2489 7531 5281 7072 2682 5450 2413 7298 6375 7114 270 3692 6365 1439 2287 8129 8139 7932 8480 3790 1584 1732 7208 4911 4372 3569 5164 935 488 3397 2486 8163 8287 1782 4342 7905 9879 7902 3224 8243 8811 3163 2285 3713 7354 6086 8203 9253 262 79 2627 7280 8782 1820 2881 1464 2041 8959 24 
50 9696 5703 482 4634 2766 1512 4701 6214 2874 7219 8693 294 9719 8726 740 3079 7110 4621 927 5704 4641 8477 4898 2590 5192 7432 5200 4343 231 1249 5072 8148 7882 1706 5662 8336 6050 3184 4191 17 9402 1107 2934 9318 2655 1912 8962 2844 5261 6415 
0 
0 
0 
0 
0 
0 
0 
0 
0 
0 
0 
0 
60 466 5637 513 883 1012 8251 6547 8389 8687 6535 8642 4079 1679 7105 7038 4638 6256 2909 3925 3743 1622 4519 1168 4869 1163 310 5405 527 1935 8722 4583 7860 603 805 4161 3983 3096 751 4855 6100 5540 5356 2653 1537 9999 297 5810 9551 2700 8429 5605 9009 4208 5145 735 9388 2099 3334 8683 3555 
0 
0 
0 
23 1668 991 4857 161 9092 8734 292 4212 6406 6353 5573 5899 2246 3822 1684 6528 7582 8825 4725 4491 4216 5203 9638 
0 
31 7776 5501 38 8808 1548 9412 7863 4882 353 4591 2178 2255 6238 157 9923 6414 9552 2348 4471 7265 7171 998 5642 1 1153 9082 2257 2067 1295 3059 6942 
63 3260 288 7331 5675 8625 667 4896 9408 1417 8829 9785 5263 9621 4144 684 4175 3411 7239 7467 7915 0 6446 2334 4550 4734 1433 2158 1882 9457 6300 3887 1193 358 400 5687 5121 5597 8369 7213 2948 5854 6701 3449 6601 7242 2657 1314 1142 9823 4080 3370 633 6170 6724 5602 7945 1982 2905 8772 5140 6542 3188 9700 
0 
0 
31 4032 5497 2818 3317 5015 2800 3942 5006 367 9262 4706 2026 8300 2726 6900 6067 940 3148 1288 8024 5609 8151 9968 3305 3422 7947 4789 8618 4331 2338 6588 
0 
0 
0 
0 
0 
87 4759 9561 3832 7047 1387 9243 6687 5492 2 8120 9891 7230 8327 7543 8936 6278 8937 7176 9147 5499 8006 6634 319 2771 4356 2322 6218 5748 3500 9531 5975 8123 2286 413 995 4665 7243 6862 3020 5803 3839 6378 9 8814 382 2617 9232 3437 4814 8288 4129 6343 7425 3473 3615 3248 7070 4770 9026 5929 2932 8809 9210 9305 7445 5184 8739 9198 4319 5657 932 2248 7807 7542 6002 6932 205 7968 2848 8953 8484 145 8941 2925 4956 3472 9109 
0 
0 
23 8067 7328 8821 2389 3360 6846 2130 1156 6725 2420 9313 7182 7600 9004 1263 5548 4352 1615 3758 1184 5044 5033 3107 
0 
0 
0 
42 5802 6630 974 5036 4990 7906 2651 3670 1825 1045 4021 6354 7355 2984 4218 4925 6399 4918 7172 6768 6963 7999 4847 478 6739 2272 5165 4245 5143 8676 8357 3691 9652 2117 349 8838 8169 8308 5787 9018 7903 7886 
0 
0 
0 
0 
46 7694 7244 3462 6275 2860 8234 3186 2024 1994 147 8970 572 3040 6286 6205 8292 6559 6015 2558 143 32 539 5202 9295 247 755 5498 9512 4285 1357 6118 890 1534 3699 5085 8708 9347 796 7029 3218 2431 2532 2661 4747 6405 1154 
0 
0 
0 
0 
67 8057 1109 3123 3210 7439 1067 1818 7253 6756 6826 6267 43 5580 8454 3625 8022 4251 8040 8493 4958 7062 8122 2799 8511 8499 5329 4028 1069 7377 2825 4906 3121 2842 9311 2845 1457 5268 7763 86 9483 1848 1780 8313 4865 2886 2453 6958 1823 8138 6604 1084 7716 1355 5892 315 9013 114 6053 1347 3614 3239 8241 6169 9003 8986 6511 470 
70 7662 746 4852 8407 6543 8394 4433 9868 8434 5197 5653 2418 1909 2012 4034 7985 4195 8820 2914 931 504 7607 784 8711 7870 2642 8913 2637 5424 9172 7629 4031 3262 2522 5096 6574 881 7753 4988 1709 8769 2539 6352 6129 3400 9830 2206 635 324 7813 6124 4609 364 1633 8985 7520 4907 2376 9291 455 9020 9524 1237 8219 6201 6366 8117 8081 2510 7050 
56 9462 4278 5796 1414 2868 1898 1932 107 7880 7278 3489 1299 7356 3803 7592 1802 9954 5821 5749 5059 3742 5282 8536 567 3303 1870 5306 8279 7081 9587 6039 1729 3428 9566 9088 7571 9519 9843 5656 6196 8467 8275 8508 9034 251 5536 2306 9444 4586 6269 8240 7178 518 3071 2678 1793 
0 
0 
0 
0 
0 
0 
0 
0 
0 
0 
49 9658 8486 8483 1242 9254 70 1948 8752 6187 4511 7702 3941 3897 492 4656 9276 8171 100 8367 8704 8361 1987 3862 723 8449 5558 2046 1594 3015 8845 1981 7518 7791 6153 12 8061 4580 556 1323 9829 8539 2249 9330 9296 6732 2296 697 6632 4347 
0 
0 
32 9029 6648 3490 584 6674 2675 3199 2761 5093 9381 1458 7307 3961 9893 2110 5081 8133 9553 9776 1366 7255 4154 7057 8059 7269 4646 5864 4682 6055 7540 8009 4915 
0 
43 3379 1349 2030 1329 5106 1544 8787 9616 1122 7558 7912 1710 1075 6558 4142 4876 5494 6937 4982 5745 7535 2180 1605 2347 6194 1501 6713 1209 6929 3734 7856 4274 3197 9586 3168 3345 3697 3436 5269 9932 3143 973 5255 
0 
0 
0 
0 
0 
0 
0 
32 39 4136 2897 123 954 4045 6945 5839 1853 4157 3463 4109 1050 830 4740 7591 471 3109 4010 9016 5977 8817 9656 410 767 5004 9744 6661 8179 9348 1005 1716 
0 
0 
52 5014 666 5645 3288 6770 6765 89 3350 2614 6869 4314 7158 1093 6779 8375 6221 6105 7412 7538 4040 3364 7925 4443 510 8908 2753 2108 7879 646 3007 9985 7083 591 4441 3200 142 1019 2392 2025 105 4271 5110 2501 8880 3816 5844 2985 8062 7697 8387 6038 531 
64 4960 8097 602 5030 929 9157 6720 8657 687 3471 6168 2940 6117 9416 2147 6868 1165 7149 9762 380 2266 5512 2679 3905 8441 7142 8262 670 4885 7045 4736 7077 580 2171 7167 5104 4072 5546 5790 2341 64 8720 1632 8199 7732 6870 9271 6297 7198 770 9061 7197 7411 6013 6503 3710 2523 1015 6755 6776 7764 6633 4135 3006 
64 4753 138 9925 5370 5801 9248 6931 1424 2241 6461 6265 2649 5185 7060 1756 7986 6681 6504 7842 6708 363 5142 1545 4997 9634 1290 7942 1256 59 3191 9502 9332 3131 8801 71 3879 6272 2939 7564 3301 9209 8837 3571 2299 9405 2271 8608 5034 9614 1234 1775 6144 5888 6903 2089 898 9342 4407 7517 6495 8070 3080 9768 2480 
0 
57 1587 8849 1386 1204 3025 7175 4989 3533 2890 1339 5069 6294 8781 3316 350 6936 273 9836 1220 4567 7952 1133 4264 8689 7190 3144 1849 4941 8943 4720 1589 1698 7949 6368 1972 8390 9792 7973 7012 9424 7681 5758 3662 1616 8396 2929 8016 7832 3666 5710 4326 2884 1951 3940 4619 8037 7417 
0 
0 
0 
0 
36 5064 1023 6582 5169 2656 4599 2004 9118 4813 9935 1726 4761 1353 6692 9344 4477 4424 4112 6802 2692 7676 3031 5328 7092 1646 441 5009 8747 2393 8018 9030 5780 8317 5361 8768 845 
78 4182 8404 6791 5326 9727 9826 5245 6640 8481 1275 1772 2472 2042 9804 5483 4046 2752 1239 1515 7144 7286 1639 5125 800 3299 9675 7703 2538 597 6344 8466 8258 7536 3280 7131 2763 4728 9110 7082 9857 9664 5404 4100 7586 7363 4213 5299 2185 8190 3129 1173 1469 7155 7630 2043 1611 3085 2899 6487 3261 3776 8839 6685 847 8380 5866 469 3002 7659 9032 4905 8306 4020 9517 1027 1678 3913 8816 
63 6423 102 4974 5336 9992 3701 910 5903 6155 9459 8875 8624 3671 5086 5949 238 1198 1592 7866 4874 5253 261 1011 2931 8668 3095 8512 4985 9256 3889 1667 5519 3418 5531 3650 1379 4709 5089 464 4733 3352 9523 5996 2537 6136 6660 8305 7214 3645 5789 7174 9188 825 7978 9782 7315 8932 9163 9192 6537 7049 9255 5666 
57 3171 3643 4279 3867 2384 8950 5226 1907 1260 6876 5102 2126 555 813 1585 7958 4379 6025 7459 6457 8675 9326 8242 4693 6861 2945 299 1654 7217 3419 5212 9528 481 3880 4787 5923 9521 2871 6549 9226 5283 6852 8014 3676 1110 880 1108 7119 9208 4026 4384 1916 7470 3808 7907 2504 9837 
0 
0 
60 3709 3590 8372 7642 4494 1191 3833 9584 2442 8924 8564 8609 9238 3281 8620 6747 8741 484 7869 1098 8147 8677 8294 9677 529 403 1489 7589 6044 6749 5833 2342 1552 4276 8610 6146 6953 4059 4893 8587 5389 5986 4618 2997 3714 8403 9199 1332 155 9265 6662 1277 8648 2454 3752 7052 859 1947 2345 2388 
0 
0 
50 8983 4338 4060 7569 4170 8678 6959 5908 450 6046 7421 6299 4673 5353 6994 8920 2410 7541 6750 9338 9451 6160 9499 8974 620 5055 4292 8794 8296 1046 664 4633 6895 700 2872 7196 2219 6621 1781 444 1652 1230 1510 3789 1432 7669 1922 3626 7567 8922 
50 4466 962 671 3877 9136 3482 7397 6459 3126 53 8783 1007 2989 1427 1307 9126 7664 6860 4792 21 8145 334 3174 1244 8135 4845 6786 9292 7546 1613 2231 1645 6443 9730 8692 1569 9319 4022 9181 7647 5725 2712 2329 5276 1875 5240 5320 1363 6051 7264 
0 
0 
0 
45 9371 68 7744 606 9223 690 5323 9394 9585 8737 679 2136 6295 6652 7675 9240 689 6186 2233 4562 4931 4388 6584 1423 8260 3863 6893 7400 3246 855 5786 3963 7385 2757 7514 4946 5631 4085 905 3371 1291 7434 5753 9036 8632 
0 
0 
40 5028 4822 7473 8131 9728 239 4090 866 3801 3920 5775 3657 758 2888 101 6965 4453 5463 1563 6314 7398 9532 2696 4778 3792 9102 4939 151 4234 7913 1362 5437 321 769 3161 7631 4962 6898 5470 1773 
77 8078 1965 1466 3756 2607 9213 6683 5941 4214 6655 2858 1675 7351 432 780 9095 4710 6113 9263 1441 3242 9329 8873 5223 5822 1219 7450 3336 9067 8894 8413 6291 3382 4128 8796 5067 6175 9653 7067 5641 9341 6095 1343 9834 1949 9245 8881 9369 8079 1232 897 9496 1506 4624 1086 5719 7734 113 6317 9124 1580 4381 9805 2505 2819 4479 8244 103 3226 1105 1550 451 4881 6598 4097 7775 2630 
63 4078 1574 4760 5233 9251 5942 7442 7742 5680 1448 4636 4408 2166 706 5307 2519 4304 9622 3203 3520 1657 6944 6236 7755 468 2960 5035 1837 3506 9689 3606 2877 5894 600 1102 877 5265 95 5409 6282 4187 9749 6839 2665 1582 19 967 8 8457 7444 9977 4468 8576 5819 3842 6324 5582 7477 882 6377 6637 6184 9723 
0 
0 
67 6603 6638 8546 9031 6001 2554 8952 9075 8080 8851 3385 7922 1860 7449 850 3306 9073 8063 2801 4639 1612 5706 4302 2439 6727 8933 3001 7359 7561 7525 6454 8842 9411 9595 6743 4839 4113 6009 5628 2321 1623 5980 3222 705 7632 5431 5103 6571 29 8474 4613 8596 2716 2999 5667 9971 8784 2786 7194 6650 6561 9404 7911 5638 419 2149 7234 
0 
82 6570 9049 7914 1660 8364 3179 4458 3679 5153 817 8872 7279 3612 8540 3811 7867 3 9395 7393 150 2794 3558 3934 9491 8316 1671 615 3508 790 7815 5781 7257 2028 6210 2260 1861 8562 8505 924 1701 3502 9844 2500 1029 1308 7757 6611 2187 5622 5001 8757 7881 2663 2173 1931 5246 154 3935 4626 269 5217 9063 9948 5981 9813 2072 6887 6141 3098 2261 7713 9713 3355 8776 5960 4526 3918 5007 8096 2565 5561 1185 
98 5254 295 8090 4469 9194 4349 4246 9200 3579 8565 8919 9079 3259 4151 229 9033 8584 1750 9665 2608 8958 91 3573 356 1609 3130 550 6567 3784 8289 5976 4396 8655 1269 1082 5384 3637 3797 1647 7672 2808 1182 8967 9057 9303 394 5118 9434 8826 3893 6253 4160 1936 922 628 6836 9060 7556 8295 4207 7737 5252 5640 1213 7628 2045 3252 1400 1101 8086 5338 2621 2102 3980 3725 8738 8951 3135 2778 374 7342 7868 485 5764 218 6222 196 8409 3406 378 574 2911 8792 3328 4237 6029 3931 4461 
54 7883 1788 159 3929 5608 7096 7793 554 4773 9470 738 2622 3644 8897 499 2983 5757 4363 5366 8055 8224 3791 1419 4440 9780 9993 7282 8755 2188 6449 9466 5073 2967 1774 1054 7888 1571 538 3408 326 6285 8785 1703 3726 3538 4790 2383 692 2328 1834 1812 1518 5907 7156 
66 9435 2209 3815 1817 773 6597 3119 8654 3051 5886 417 1140 5129 7890 676 4400 1737 6005 8697 1264 8663 6753 9027 8681 2057 2840 3917 7061 9943 9186 7680 4110 7304 2009 5601 6357 718 1309 9529 4657 7000 1889 7108 57 8621 3004 8414 6315 3253 9801 342 1757 5469 5743 2773 5961 7920 8451 9918 9995 1954 3444 1993 9154 5823 7414 
0 
0 
56 6280 35 9242 4096 8594 4722 590 8111 6274 1525 980 3340 1317 7330 7743 4489 6098 9372 1650 6735 3723 7310 3137 1047 2245 7218 5242 8023 4261 9345 8303 8181 458 139 217 4000 316 1974 7857 8433 1841 9661 7714 8818 4416 8058 3979 3653 587 951 4058 8353 7965 561 6906 4329 
66 2584 3636 207 1938 6557 9662 7720 7946 6729 1712 7183 2876 2599 5387 1835 2570 1745 1124 5151 4834 5251 4739 8966 4082 795 8991 5351 6859 1009 3741 1784 4048 2917 6162 3715 4334 4140 7209 5175 9526 8089 9812 2943 4732 8231 331 3849 2975 6760 1741 923 6792 8271 8997 8869 6193 5362 6349 1953 6679 9642 2385 3057 4735 6988 7938 
74 3016 8141 586 5919 9321 8346 5383 8183 1807 2069 5966 6819 7752 9933 8733 2526 9899 3764 3845 785 8418 2569 970 8178 2918 7891 901 3821 7835 9883 2552 323 5659 4726 1226 5413 9368 4945 6707 6814 5442 4873 7884 8384 1642 1135 3441 5114 6998 1496 6384 2319 6417 2754 7635 9929 6775 5616 3077 9775 5019 2926 8749 1279 2264 8146 3938 5543 4552 368 5712 6496 7215 75 
78 2995 3183 7851 6891 2517 7855 2550 5008 9850 7015 330 2855 2693 8503 3698 5696 2506 5244 5400 9772 4248 408 7259 1076 2138 8285 2644 4282 964 3556 1836 420 1493 3431 4047 560 6287 4223 822 9703 4914 2720 5259 5198 7290 729 1137 604 1068 8732 6166 7126 8847 8155 5003 4143 4924 6505 8868 6031 442 7246 2441 340 287 3970 2380 8640 3957 966 6955 2810 9643 9827 1099 4539 1289 2451 
47 6507 5588 7148 6021 3632 3247 3899 1021 191 5462 6482 7648 7707 9751 5585 7482 2352 5724 1562 9909 899 930 9315 9235 3486 8328 4134 4117 4194 1897 1797 5791 9996 6398 1382 7200 9197 4727 2224 4843 5248 7127 2362 3414 1388 5762 118 
65 9191 719 1579 5798 8607 8669 6897 4166 8543 9257 2755 4219 7151 2353 7232 9627 8471 4573 6348 4286 6322 7086 9302 9537 1674 3225 174 9795 4642 2027 6651 8347 644 6145 345 3464 7792 3514 1451 3152 2060 1224 6967 3433 992 6682 761 454 3217 7224 5785 6355 6799 4705 2964 197 2990 6943 2105 224 362 2936 6164 7722 8799 
73 9058 8995 2672 8267 436 2496 7574 1348 9913 3972 1842 40 7699 6445 3702 7845 5020 9761 9937 2167 7768 2433 9437 521 1166 1215 9793 5352 4428 1044 1796 6386 986 3629 7321 58 1401 8109 1963 7692 2837 5842 4482 6905 3596 3432 7428 1702 4301 3012 4464 4711 7169 9680 8763 7101 1900 6022 2626 634 7711 8343 5985 77 9900 7858 6203 2779 4827 2634 5204 7996 3504 
78 2870 2600 8039 1030 8472 6785 5377 605 5783 1681 6481 9915 908 6262 4252 6007 9961 2591 6128 402 1440 5587 3439 5763 7091 5311 8214 8907 2502 8659 9179 5830 7340 4986 3759 5962 1905 5504 5230 369 2193 2475 7499 9047 5648 8867 5688 9998 6469 1733 9944 9897 5047 7507 3965 1008 2566 9514 5873 2978 1874 1686 3706 8788 2807 2895 9786 2556 836 6142 7568 5473 3531 849 411 6065 6172 592 
52 327 1826 4141 558 1833 6154 8447 3383 3099 3682 3172 5566 8074 1241 2841 9816 1795 171 1293 4393 6866 4350 9753 3981 7288 623 6376 2131 5620 3617 7686 2196 5264 7034 25 9766 4337 5586 6068 9152 3285 5681 2007 8314 9527 233 4188 8636 3595 9577 6207 5885 
73 4467 9832 691 7760 4107 4803 2244 1700 8072 8046 8266 5522 216 1243 8494 5433 9848 7317 8036 1064 2832 5355 8912 1301 51 8988 4579 1402 2076 5689 4547 6115 9736 1418 5048 6208 4448 2704 2006 6968 4240 4623 370 608 2022 2344 988 3861 9550 1202 4485 1500 5300 312 8088 6569 3081 6769 5660 7618 4450 7457 2203 1119 6867 9679 6041 3601 6161 2143 3279 5216 9161 
0 
65 45 2368 9861 389 2765 1125 3878 1365 9942 9635 4808 4169 3302 3560 1614 7084 6718 4867 7728 6622 3300 8790 996 2744 5887 4938 1259 83 1092 9090 84 3548 3058 2122 6954 8691 2576 5909 568 6873 2283 8370 9040 8034 5651 8804 1845 1806 3739 2421 7987 6583 983 4681 5342 1728 2214 7604 7923 3901 3554 4014 6088 7936 6148 
0 
82 1434 8980 9211 94 7297 5149 1491 227 1590 3201 9129 6556 7603 8277 7485 9258 6255 15 1095 1055 2258 8865 3804 8050 9546 8442 4231 745 4015 134 662 6979 9725 1707 4083 8518 1354 793 8874 3398 392 7409 7484 2078 1564 2355 4002 1405 4430 6915 7803 6334 4557 1581 7357 8056 3372 807 9946 3732 7826 5179 4971 4484 1529 8252 942 2953 948 4721 1470 2691 4138 6828 5196 3906 1486 1967 1551 4635 4594 9604 
68 9670 1785 6261 994 5557 5939 7487 416 5914 9522 7636 9454 9190 7528 3323 8714 3536 4018 6822 1236 5396 2499 1541 5772 1411 2310 902 7993 6434 5770 1524 8844 6948 6646 9845 9672 3747 958 1887 2387 3499 1763 7365 4305 4868 5043 5655 5927 1591 5572 8800 3550 97 5623 3843 1528 6886 6801 3022 7998 9201 4714 5481 6235 1946 8964 5988 8351 
53 1179 1134 5262 9692 286 6319 2332 9460 182 5997 8745 1278 6983 1505 5612 3405 338 8162 1715 9625 7347 939 3619 7441 9350 8553 2207 2001 9203 1406 3684 9252 5270 4596 1190 6199 495 4972 2861 4233 7137 2498 6709 9476 3457 2904 1010 6762 9293 9731 5591 2254 3227 
80 9236 5965 5545 7982 4535 421 1210 2555 2218 289 5883 5525 4553 7691 3479 164 3528 80 8673 7489 4692 4524 8641 8398 5090 2843 219 619 2511 6084 1248 9921 7472 7305 7037 2100 7071 1708 1228 9482 8832 7740 3321 6137 8094 4148 9421 6048 9264 193 9140 6946 4299 9530 8705 4203 6831 6645 6070 9275 9114 6047 8522 6761 8712 7991 2093 3717 3779 1385 9422 8916 2616 7900 4518 1369 8374 6404 8744 6094 
50 2603 1959 2635 493 2234 7245 6151 6992 6093 7358 271 5113 1192 6250 2396 2293 6643 5303 3170 3604 9187 5441 9906 8035 2465 4930 3011 7150 914 6841 8175 8860 4819 8221 7437 7438 2208 4846 165 3999 2688 827 329 3008 6969 6810 2016 6017 9556 4678 
65 3216 7609 1415 8207 6879 1040 3460 5206 6623 1862 5553 6790 4622 3442 1961 1283 949 6464 3318 610 6703 1725 9818 7876 3545 1360 5429 1852 3608 3330 1747 4410 710 8223 611 4033 2695 762 4534 2229 812 5038 2118 7241 1296 8729 1078 1902 9206 5792 5234 9905 1877 3111 4590 3985 9358 2814 3038 8443 3159 4821 1508 9982 1766 
